🧬 个体 1:
  任务1: [0, 1, 0, 0, 0, 0, 0, 0, 0, 1]
  任务2: [1, 0, 0, 0, 0, 1, 0, 0, 0, 0]
  任务3: [0, 0, 1, 0, 1, 0, 0, 0, 0, 0]
  任务4: [0, 0, 0, 1, 0, 0, 0, 0, 1, 0]
  任务5: [0, 0, 0, 0, 0, 0, 1, 1, 0, 0]
  📉 解密成本: 161
  📈 解密质量: 90
----------------------------------------
🧬 个体 2:
  任务1: [0, 1, 0, 0, 0, 0, 0, 0, 0, 1]
  任务2: [1, 0, 0, 0, 0, 1, 0, 0, 0, 0]
  任务3: [0, 0, 1, 0, 1, 0, 0, 0, 0, 0]
  任务4: [0, 0, 0, 1, 0, 0, 0, 0, 1, 0]
  任务5: [0, 0, 0, 0, 0, 0, 1, 1, 0, 0]
  📉 解密成本: 161
  📈 解密质量: 90
----------------------------------------
🧬 个体 3:
  任务1: [0, 1, 0, 0, 1, 0, 0, 1, 0, 0]
  任务2: [0, 0, 0, 0, 0, 0, 0, 0, 1, 0]
  任务3: [0, 0, 0, 0, 0, 1, 1, 0, 0, 0]
  任务4: [0, 0, 0, 1, 0, 0, 0, 0, 0, 0]
  任务5: [1, 0, 0, 0, 0, 0, 0, 0, 0, 1]
  📉 解密成本: 151
  📈 解密质量: 74
----------------------------------------
🧬 个体 4:
  任务1: [0, 0, 0, 1, 0, 0, 0, 0, 0, 1]
  任务2: [0, 0, 0, 0, 0, 0, 1, 0, 0, 0]
  任务3: [0, 1, 0, 0, 1, 0, 0, 0, 0, 0]
  任务4: [0, 0, 0, 0, 0, 0, 0, 0, 1, 0]
  任务5: [1, 0, 1, 0, 0, 1, 0, 0, 0, 0]
  📉 解密成本: 159
  📈 解密质量: 84
----------------------------------------
🧬 个体 5:
  任务1: [0, 1, 0, 0, 0, 0, 0, 0, 0, 1]
  任务2: [1, 0, 0, 0, 0, 1, 0, 0, 0, 0]
  任务3: [0, 0, 1, 0, 1, 0, 0, 0, 0, 0]
  任务4: [0, 0, 0, 1, 0, 0, 0, 0, 1, 0]
  任务5: [0, 0, 0, 0, 0, 0, 1, 1, 0, 0]
  📉 解密成本: 161
  📈 解密质量: 90
----------------------------------------
🧬 个体 6:
  任务1: [0, 1, 0, 0, 0, 0, 0, 0, 0, 1]
  任务2: [1, 0, 0, 0, 0, 1, 0, 0, 0, 0]
  任务3: [0, 0, 1, 0, 1, 0, 0, 0, 0, 0]
  任务4: [0, 0, 0, 1, 0, 0, 0, 0, 1, 0]
  任务5: [0, 0, 0, 0, 0, 0, 1, 1, 0, 0]
  📉 解密成本: 161
  📈 解密质量: 90
----------------------------------------
🧬 个体 7:
  任务1: [0, 1, 0, 0, 0, 0, 0, 0, 0, 1]
  任务2: [1, 0, 0, 0, 0, 1, 0, 0, 0, 0]
  任务3: [0, 0, 1, 0, 1, 0, 0, 0, 0, 0]
  任务4: [0, 0, 0, 1, 0, 0, 0, 0, 1, 0]
  任务5: [0, 0, 0, 0, 0, 0, 1, 1, 0, 0]
  📉 解密成本: 161
  📈 解密质量: 90
----------------------------------------
🧬 个体 8:
  任务1: [0, 1, 0, 0, 0, 0, 0, 0, 0, 1]
  任务2: [1, 0, 0, 0, 0, 1, 0, 0, 0, 0]
  任务3: [0, 0, 1, 0, 1, 0, 0, 0, 0, 0]
  任务4: [0, 0, 0, 1, 0, 0, 0, 0, 1, 0]
  任务5: [0, 0, 0, 0, 0, 0, 1, 1, 0, 0]
  📉 解密成本: 161
  📈 解密质量: 90
----------------------------------------
